Bước 1:
lam=512.9433, sigma=22.6483
v=[0.3237, 0.618, 0.7164]
u=[0.3462, 0.6048, 0.4133, 0.5862]
A_2:
[[ 0.462  -1.8452  1.3829]
 [-1.4341  0.5351  0.1864]
 [ 4.9699 -1.7846 -0.7062]
 [-2.2974  1.796  -0.5111]]

Bước 2:
lam=39.5297, sigma=6.2873
v=[0.896, -0.4434, -0.0224]
u=[0.191, -0.2428, 0.8367, -0.4523]
A_3:
[[-0.6143 -1.3126  1.4098]
 [-0.0663 -0.1418  0.1522]
 [ 0.2564  0.5479 -0.5884]
 [ 0.2505  0.5352 -0.5748]]

Bước 3:
lam=5.5270, sigma=2.3510
v=[-0.3038, -0.6492, 0.6973]
u=[0.86, 0.0929, -0.359, -0.3506]
A_4:
[[0. 0. 0.]
 [0. 0. 0.]
 [0. 0. 0.]
 [0. 0. 0.]]

