Câu 1 phần b đề2
A=
	14.4	0.2	0.6	-0.1	0.9	0.4	0.9
	0.4	16.3	-0.4	-0.7	-0.5	0.1	-0.6
	0.7	0.9	18.6	-0.3	0.6	-0.2	0.4
	-0.3	-1	-0.1	19.7	-0.7	0.3	-0.6
	0.6	-0.1	-1	-0.6	20.6	0.3	-0.8
	0.4	-0.2	-0.7	0.5	-0.9	22.9	0.2
	-1	-0.1	0.5	-0.5	0.2	0.3	23.9


 
b =
    -10
    -3
    -7
     6
    -4
     1
    -7
Câu 2 đề 2
A =
   	6.7562	4.4584	5.1176	3.5945	3.4311
	4.4584	4.3051	4.3327	1.9363	1.5788
	5.1176	4.3327	5.1287	3.5097	3.3354
	3.5945	1.9363	3.5097	4.8411	4.8972
	3.4311	1.5788	3.3354	4.8972	5.0688

Câu 3 đề 1
A=
	3	3	7
	3	9	10
	8	4	6
	2	10	9

