Câu 1 phần b đề 1
A=
	10.5	1	0.4	0.7	-0.5	0.9	-0.9
	-0.5	10.7	0.8	-0.5	0.2	-0.4	0.1
	0.4	0.2	13	0.7	-0.1	0.5	0.6
	0.3	-0.6	0.1	12.5	-0.3	0.5	0.9
	-0.7	0.5	-0.8	0.9	14.7	-0.3	-0.8
	-0.8	-0.5	-0.7	-0.3	0.2	15.1	0.1
	0	0	-0.5	-0.6	0.1	-0.9	15.9

 
b =
    -10
    -3
    -7
     6
    -4
     1
    -7
Câu 2 đề 1
A =
    4.0327    2.6090    2.3283    4.8132    2.8724
    2.6090    3.6586    4.6534    3.5740    3.9131
    2.3283    4.6534    6.7322    3.4631    5.0275
    4.8132    3.5740    3.4631    6.8665    3.1182
    2.8724    3.9131    5.0275    3.1182    4.8099
Câu 3 đề 1
A=
	3	3	8	2
	3	9	4	10
	7	10	6	9
