=== MA TRAN NGHICH DAO A^-1 ===
0.004794 -0.000050 0.000641 -0.000643 -0.000042 0.000244 -0.000094 -0.000872
-0.000350 0.002179 -0.000253 0.000047 -0.000398 0.000014 -0.000459 0.000610
-0.000779 0.000350 0.004006 0.000445 -0.000497 -0.000653 0.000636 0.000085
-0.000520 -0.000808 -0.000448 0.004988 -0.001042 -0.000050 -0.001202 0.001286
0.001629 0.000214 -0.000888 -0.001393 0.004657 -0.000679 0.001268 -0.001202
-0.000689 0.000089 0.001091 -0.000622 -0.000200 0.003387 -0.000212 -0.001182
0.000123 0.000950 -0.000749 -0.001859 0.001079 -0.000920 0.005067 -0.000804
-0.001638 -0.001103 -0.000416 0.002093 -0.002072 0.001945 -0.001573 0.005076

=== CAC BUOC LAP CUA COT 1 ===
Step 0: [0., 0., 0., 0., 0., 0., 0., 0.]
Step 1: [ 0.004739, -0.000241, -0.00069 , -0.000152,  0.00119 , -0.001097,
 -0.00018 , -0.001537]
Step 2: [ 4.738022e-03, -2.946860e-04, -6.679723e-04, -3.359382e-04,  1.548498e-03,
 -6.555517e-04,  4.568185e-05, -1.560331e-03]
Step 3: [ 0.00478 , -0.000359, -0.00077 , -0.000499,  0.001599, -0.000688,
  0.000103, -0.001615]
Step 4: [ 0.004794, -0.00035 , -0.000779, -0.00052 ,  0.001629, -0.000689,
  0.000123, -0.001638]

=== SO BUOC LAP CUA TUNG COT ===
Col 1: 4 steps
Col 2: 4 steps
Col 3: 3 steps
Col 4: 4 steps
Col 5: 4 steps
Col 6: 4 steps
Col 7: 5 steps
Col 8: 4 steps

=== KIEM TRA A * A^-1 ===
1.0000 -0.0003 0.0007 0.0016 -0.0008 -0.0003 -0.0004 0.0004
0.0013 1.0008 -0.0027 -0.0013 0.0029 0.0003 0.0008 -0.0037
0.0004 0.0006 0.9990 -0.0020 0.0016 0.0002 0.0007 -0.0015
0.0029 0.0025 -0.0022 0.9932 0.0064 -0.0017 0.0028 -0.0089
-0.0020 -0.0017 -0.0001 0.0045 0.9965 0.0025 -0.0018 0.0060
-0.0009 -0.0006 0.0002 0.0014 -0.0013 1.0012 -0.0007 0.0025
-0.0008 -0.0006 0.0002 0.0016 -0.0014 0.0009 0.9993 0.0024
-0.0000 -0.0000 -0.0000 -0.0000 -0.0000 -0.0000 -0.0000 1.0000
Sai lech max: 3.42e-02
